[
    {
        "shapes": [
            "0260:0330,0330,0332,0332,0600,0371,",
            "0600:044,044,012,0120,040,075,040,0107,0134,0154,0145,0146,0164,0133,012,0124,0137,0116,040,053,040,012,0134,0146,0162,0141,0143,0173,061,0175,0173,062,0175,0134,0146,0162,0141,0143,0173,0145,0126,040,053,040,0150,0146,0175,0173,062,0153,0137,0102,0124,0175,012,0134,0143,0157,0164,0150,0173,0134,0146,0162,0141,0143,0173,0145,0126,040,053,040,0150,0146,0175,0173,062,0153,0137,0102,0124,0175,0175,040,053,040,040,012,012,0134,0146,0162,0141,0143,0173,061,0175,0173,062,0175,0134,0146,0162,0141,0143,0173,0145,0126,040,055,040,0150,0146,0175,0173,062,0153,0137,0102,0124,0175,012,0134,0143,0157,0164,0150,0173,0134,0146,0162,0141,0143,0173,0145,0126,040,055,040,040,0150,0146,0175,0173,062,0153,0137,0102,0124,0175,0175,012,012,040,012,012,0134,0162,0151,0147,0150,0164,0135,012,012,044,044,"
        ],
        "glyph": "0330,0330,0332,0332,0600,0371,",
        "w": 1366,
        "h": 672,
        "x0": 433,
        "y0": 336,
        "x0rel": -2.5,
        "y0rel": 0.115,
        "unit": 100,
        "imgurl": "",
        "imgw": 2,
        "imgleft": -1,
        "imgtop": -1
    }
]